smoke1: 0 0 0 0 0 0 0 0 0 0 0 0.1 0.1 0.1 0.1 0.1 0.1 0.1 0.1 0.1 0.1 0.1 0.2 0.2 0.2 0.2 0.2 0.2 0.2 0.2 0.2 0.2 0.2 0.3 0.3 0.3 0.3 0.3 0.3 0.3 0.3 0.3 0.3 0.3 0.4 0.4 0.4 0.4 0.4 0.4 0.4 0.4 0.4 0.4 0.4 0.5 0.5 0.5 0.5 0.5 0.5 0.5 0.5 0.5 0.5 0.5 0.6 0.6 0.6 0.6 0.6 0.6 0.6 0.6 0.6 0.6 0.6 0.7 0.7 0.7 0.7 0.7 0.7 0.7 0.7 0.7 0.7 0.7 0.8 0.8 0.8 0.8 0.8 0.8 0.8 0.8 0.8 0.8 0.8 0.9 0.9 0.9 0.9 0.9 0.9 0.9 0.9 0.9 0.9 0.9 1 1 1 1 1 1 1 1 1 1 1 
inf: 0.0263636 -0.00414141 0.103737 0.104343 0.141111 0.172121 0.171919 0.235556 0.254343 0.280606 0.320202 0.00585859 0.0357576 0.0633838 0.12197 0.127424 0.159444 0.201717 0.238485 0.266061 0.300808 0.312525 0.00510101 0.0229293 0.075303 0.120455 0.159293 0.167778 0.213788 0.252222 0.255303 0.308687 0.341919 -0.00858586 0.0295455 0.0643434 0.104646 0.147323 0.196818 0.236667 0.255404 0.290051 0.323232 0.341061 -0.015101 0.0344444 0.0687374 0.099798 0.123788 0.16399 0.210051 0.241515 0.288081 0.311717 0.35 -0.00343434 0.044697 0.0633333 0.111869 0.146667 0.202626 0.220202 0.245909 0.298081 0.337778 0.342121 -0.00984848 0.0292929 0.085404 0.109444 0.145202 0.176768 0.192172 0.245657 0.284596 0.321566 0.368081 -0.00787879 0.0408081 0.0623232 0.0826768 0.124192 0.153889 0.215909 0.247374 0.285354 0.342727 0.337222 -0.014899 0.040101 0.0706566 0.101162 0.151162 0.181364 0.176313 0.255657 0.263939 0.33303 0.346364 0.0141919 0.0174747 0.0558586 0.0794444 0.128081 0.163283 0.214747 0.240152 0.286869 0.302677 0.350202 0.00333333 0.0416162 0.0977778 0.0874747 0.120404 0.14101 0.225152 0.251313 0.301111 0.298586 0.351212 
friend1_2: 0 0.1 0.2 0.3 0.4 0.5 0.6 0.7 0.8 0.9 1 0 0.1 0.2 0.3 0.4 0.5 0.6 0.7 0.8 0.9 1 0 0.1 0.2 0.3 0.4 0.5 0.6 0.7 0.8 0.9 1 0 0.1 0.2 0.3 0.4 0.5 0.6 0.7 0.8 0.9 1 0 0.1 0.2 0.3 0.4 0.5 0.6 0.7 0.8 0.9 1 0 0.1 0.2 0.3 0.4 0.5 0.6 0.7 0.8 0.9 1 0 0.1 0.2 0.3 0.4 0.5 0.6 0.7 0.8 0.9 1 0 0.1 0.2 0.3 0.4 0.5 0.6 0.7 0.8 0.9 1 0 0.1 0.2 0.3 0.4 0.5 0.6 0.7 0.8 0.9 1 0 0.1 0.2 0.3 0.4 0.5 0.6 0.7 0.8 0.9 1 0 0.1 0.2 0.3 0.4 0.5 0.6 0.7 0.8 0.9 1 
inf: -0.372424 -0.351162 -0.342121 -0.359141 -0.358535 -0.341313 -0.348788 -0.348131 -0.307172 -0.312374 -0.321818 -0.277273 -0.301919 -0.302071 -0.31202 -0.32596 -0.341667 -0.300556 -0.311616 -0.325051 -0.295303 -0.27798 -0.269495 -0.274343 -0.27899 -0.281717 -0.301162 -0.285859 -0.293535 -0.280707 -0.270354 -0.265303 -0.256869 -0.253232 -0.225808 -0.261263 -0.237929 -0.267879 -0.226616 -0.257626 -0.269192 -0.259495 -0.240404 -0.25798 -0.205253 -0.218636 -0.213788 -0.203434 -0.214848 -0.226313 -0.208586 -0.238586 -0.214192 -0.19399 -0.189697 -0.144343 -0.179394 -0.16596 -0.160455 -0.169192 -0.176162 -0.191465 -0.162475 -0.194596 -0.18697 -0.190707 -0.148485 -0.119596 -0.15404 -0.159798 -0.152273 -0.163737 -0.15101 -0.160505 -0.130758 -0.150707 -0.151414 -0.0919192 -0.0955051 -0.0871212 -0.0964646 -0.117778 -0.104899 -0.106919 -0.0981313 -0.102121 -0.115758 -0.0755556 -0.0727273 -0.0594444 -0.0693434 -0.0801515 -0.0623737 -0.0667172 -0.0564646 -0.0604545 -0.085303 -0.0833333 -0.0444444 -0.0382828 -0.0535859 -0.0350505 -0.0300505 -0.0420707 -0.0382828 -0.0210606 -0.0303535 -0.0378283 -0.0372222 -0.0305051 -0.0354545 0.00010101 -0.00520202 0.0121212 0.00641414 -0.0118182 0.0114141 0.00732323 -0.0231313 0.0127778 0.00838384 
