smoke1: 0.1 0.1 0.1 0.1 0.1 0.1 0.1 0.1 0.1 0.2 0.2 0.2 0.2 0.2 0.2 0.2 0.2 0.2 0.3 0.3 0.3 0.3 0.3 0.3 0.3 0.3 0.3 0.4 0.4 0.4 0.4 0.4 0.4 0.4 0.4 0.4 0.5 0.5 0.5 0.5 0.5 0.5 0.5 0.5 0.5 0.6 0.6 0.6 0.6 0.6 0.6 0.6 0.6 0.6 0.7 0.7 0.7 0.7 0.7 0.7 0.7 0.7 0.7 0.8 0.8 0.8 0.8 0.8 0.8 0.8 0.8 0.8 0.9 0.9 0.9 0.9 0.9 0.9 0.9 0.9 0.9 
inf: 0.502653 0.757857 0.709388 0.529898 0.330714 0.209388 0.113367 0.0622449 0.0402041 0.515102 0.90602 1.02684 0.967449 0.809898 0.607857 0.438163 0.313265 0.218571 0.497857 0.977653 1.34429 1.5 1.53633 1.4801 1.34122 1.21694 1.06561 0.476633 1.00082 1.465 1.87949 2.22959 2.48112 2.66724 2.80622 2.91755 0.482041 0.897347 1.35306 1.77265 2.17551 2.56296 2.89714 3.19867 3.4551 0.422449 0.800918 1.08704 1.31235 1.50378 1.59367 1.65776 1.71745 1.75408 0.42949 0.680918 0.773265 0.773367 0.744592 0.679592 0.596122 0.499388 0.437449 0.379592 0.496735 0.496531 0.41 0.312551 0.237551 0.156735 0.109286 0.0763265 0.306939 0.380612 0.3 0.196837 0.121735 0.0678571 0.0417347 0.0241837 0.0110204 
friends1_2: 0.1 0.2 0.3 0.4 0.5 0.6 0.7 0.8 0.9 0.1 0.2 0.3 0.4 0.5 0.6 0.7 0.8 0.9 0.1 0.2 0.3 0.4 0.5 0.6 0.7 0.8 0.9 0.1 0.2 0.3 0.4 0.5 0.6 0.7 0.8 0.9 0.1 0.2 0.3 0.4 0.5 0.6 0.7 0.8 0.9 0.1 0.2 0.3 0.4 0.5 0.6 0.7 0.8 0.9 0.1 0.2 0.3 0.4 0.5 0.6 0.7 0.8 0.9 0.1 0.2 0.3 0.4 0.5 0.6 0.7 0.8 0.9 0.1 0.2 0.3 0.4 0.5 0.6 0.7 0.8 0.9 
inf: -1.86041 -1.50878 -0.940714 -0.513265 -0.261429 -0.124388 -0.0511224 -0.0243878 -0.0131633 -1.44878 -1.30459 -1.01929 -0.711122 -0.452959 -0.267959 -0.150918 -0.0914286 -0.0492857 -0.979286 -0.959592 -0.889388 -0.751224 -0.604184 -0.474184 -0.35 -0.237857 -0.173061 -0.493776 -0.477245 -0.471735 -0.473367 -0.484592 -0.454592 -0.415306 -0.408469 -0.342245 0.0022449 -0.00408163 -0.00734694 -0.0108163 -0.0171429 -0.0107143 -0.0321429 -0.015 -0.00295918 0.445816 0.395918 0.391122 0.33102 0.312041 0.255102 0.219592 0.174796 0.16449 0.792551 0.665102 0.526735 0.395408 0.271327 0.186122 0.134082 0.0866327 0.0692857 1.10663 0.761735 0.499082 0.302653 0.167143 0.0969388 0.0509184 0.032449 0.0164286 1.30357 0.781429 0.413469 0.198571 0.100306 0.0423469 0.0189796 0.00816327 0.00428571 
